[0] : struct.begin
	SID = Default
	OfflineRestrictors : struct.begin
		[0] : struct.begin
			GUID = 7A2N6HN0BBJD7M57BS9UQF8YX
			Orientation0 = X=-0.857 Y=0.515 Z=0.000
			Orientation1 = X=-0.515 Y=-0.857 Z=0.000
			Orientation2 = X=-0.000 Y=0.000 Z=1.000
			Center = X=322112.043 Y=409389.250 Z=360.319
			Extents = X=89.958 Y=89.107 Z=61.265
			AreasMask = 1
			Active = false
		struct.end
		[1] : struct.begin
			GUID = 7XE1OO9W9EOLREVXLQAT43A4D
			Orientation0 = X=-0.995 Y=-0.105 Z=0.000
			Orientation1 = X=0.105 Y=-0.995 Z=-0.000
			Orientation2 = X=0.000 Y=0.000 Z=1.000
			Center = X=300889.484 Y=519513.394 Z=524.540
			Extents = X=382.261 Y=100.000 Z=100.000
			AreasMask = 1
			Active = false
		struct.end
		[2] : struct.begin
			GUID = 67YMPMWVUYN10HW393KQY3NGQ
			Orientation0 = X=-0.951 Y=-0.309 Z=0.000
			Orientation1 = X=0.309 Y=-0.951 Z=-0.000
			Orientation2 = X=0.000 Y=0.000 Z=1.000
			Center = X=303062.672 Y=516790.516 Z=381.489
			Extents = X=213.354 Y=122.043 Z=100.000
			AreasMask = 1
			Active = false
		struct.end
		[3] : struct.begin
			GUID = 3O4G2ATR0LB98EXOPN9M7GVQB
			Orientation0 = X=0.259 Y=0.966 Z=0.000
			Orientation1 = X=-0.966 Y=0.259 Z=0.000
			Orientation2 = X=-0.000 Y=0.000 Z=1.000
			Center = X=327804.266 Y=413139.245 Z=534.429
			Extents = X=112.250 Y=72.759 Z=100.000
			AreasMask = 1
			Active = false
		struct.end
		[4] : struct.begin
			GUID = 2H57PMT0AOV9151OE8Z9DCIEL
			Orientation0 = X=0.500 Y=0.866 Z=0.000
			Orientation1 = X=-0.866 Y=0.500 Z=0.000
			Orientation2 = X=-0.000 Y=0.000 Z=1.000
			Center = X=314738.972 Y=411257.285 Z=293.399
			Extents = X=208.146 Y=87.541 Z=100.000
			AreasMask = 1
			Active = false
		struct.end
		[5] : struct.begin
			GUID = 7SUGZ37EWCZ89Q0DFCO6MHLSV
			Orientation0 = X=0.530 Y=0.848 Z=0.000
			Orientation1 = X=-0.848 Y=0.530 Z=0.000
			Orientation2 = X=-0.000 Y=0.000 Z=1.000
			Center = X=319410.456 Y=410877.039 Z=348.819
			Extents = X=44.124 Y=76.892 Z=100.000
			AreasMask = 1
			Active = false
		struct.end
		[6] : struct.begin
			GUID = 26H6TOLOMF7CZ6R178UKM9BD7
			Orientation0 = X=-0.766 Y=-0.643 Z=0.000
			Orientation1 = X=0.643 Y=-0.766 Z=-0.000
			Orientation2 = X=0.000 Y=0.000 Z=1.000
			Center = X=312193.810 Y=518821.508 Z=684.913
			Extents = X=125.996 Y=250.012 Z=100.000
			AreasMask = 1
			Active = false
		struct.end
		[7] : struct.begin
			GUID = EDAD0D1N2WQEYLVVU7B549DCU
			Orientation0 = X=-0.927 Y=-0.375 Z=0.000
			Orientation1 = X=0.375 Y=-0.927 Z=-0.000
			Orientation2 = X=0.000 Y=0.000 Z=1.000
			Center = X=499944.120 Y=372337.022 Z=486.893
			Extents = X=50.000 Y=50.000 Z=100.000
			AreasMask = 1
			Active = false
		struct.end
		[8] : struct.begin
			GUID = 091SDGH6XGPECIWR408MPEONG
			Orientation0 = X=1.000 Y=-0.017 Z=0.000
			Orientation1 = X=0.017 Y=1.000 Z=-0.000
			Orientation2 = X=0.000 Y=0.000 Z=1.000
			Center = X=297742.218 Y=526745.029 Z=480.956
			Extents = X=100.000 Y=100.000 Z=100.000
			AreasMask = 1
			Active = false
		struct.end
		[9] : struct.begin
			GUID = E2JFWKM0ZDYFKMNKT8DL4DILP
			Orientation0 = X=0.974 Y=-0.225 Z=0.000
			Orientation1 = X=0.225 Y=0.974 Z=-0.000
			Orientation2 = X=0.000 Y=0.000 Z=1.000
			Center = X=325117.888 Y=417199.441 Z=382.492
			Extents = X=275.000 Y=100.000 Z=100.000
			AreasMask = 1
			Active = false
		struct.end
		[10] : struct.begin
			GUID = DGDJR11SEKKO1CSI7VL9KLJR6
			Orientation0 = X=0.947 Y=-0.322 Z=0.000
			Orientation1 = X=0.322 Y=0.947 Z=-0.000
			Orientation2 = X=0.000 Y=0.000 Z=1.000
			Center = X=396202.855 Y=549271.175 Z=1062.673
			Extents = X=74.903 Y=44.886 Z=100.000
			AreasMask = 1
			Active = false
		struct.end
		[11] : struct.begin
			GUID = CTZTPJKJTM6X5F7ZBZQIKAEQG
			Orientation0 = X=0.868 Y=0.496 Z=0.000
			Orientation1 = X=-0.496 Y=0.868 Z=0.000
			Orientation2 = X=-0.000 Y=0.000 Z=1.000
			Center = X=644114.267 Y=647937.438 Z=707.603
			Extents = X=80.847 Y=76.628 Z=106.457
			AreasMask = 1
			Active = false
		struct.end
		[12] : struct.begin
			GUID = A7YJT7EG1LTXD7URQKJ1V9K5E
			Orientation0 = X=1.000 Y=0.000 Z=0.000
			Orientation1 = X=0.000 Y=1.000 Z=0.000
			Orientation2 = X=0.000 Y=0.000 Z=1.000
			Center = X=106347.025 Y=474094.984 Z=293.086
			Extents = X=187.500 Y=100.000 Z=100.000
			AreasMask = 1
			Active = false
		struct.end
		[13] : struct.begin
			GUID = ES95804TTICK8FW45HH1491F9
			Orientation0 = X=0.180 Y=0.984 Z=0.000
			Orientation1 = X=-0.984 Y=0.180 Z=0.000
			Orientation2 = X=-0.000 Y=0.000 Z=1.000
			Center = X=412838.313 Y=193803.660 Z=-1413.014
			Extents = X=161.253 Y=730.064 Z=78.081
			AreasMask = 1
			Active = false
		struct.end
		[14] : struct.begin
			GUID = 70EO1Z9J65SE99GJVC8YU8XQA
			Orientation0 = X=1.000 Y=0.000 Z=0.000
			Orientation1 = X=0.000 Y=1.000 Z=0.000
			Orientation2 = X=0.000 Y=0.000 Z=1.000
			Center = X=235733.000 Y=140833.000 Z=-3947.000
			Extents = X=170.000 Y=170.000 Z=1007.805
			AreasMask = 8192
			Active = false
		struct.end
		[15] : struct.begin
			GUID = 2AZV16I5YWZCOV558NDE562DW
			Orientation0 = X=0.996 Y=-0.087 Z=0.000
			Orientation1 = X=0.087 Y=0.996 Z=-0.000
			Orientation2 = X=0.000 Y=0.000 Z=1.000
			Center = X=216790.135 Y=269478.802 Z=415.092
			Extents = X=126.524 Y=705.013 Z=50.802
			AreasMask = 1
			Active = false
		struct.end
		[16] : struct.begin
			GUID = 3LG7ZHXDZ6OOUMRAYFH0JS8R7
			Orientation0 = X=0.947 Y=-0.322 Z=0.000
			Orientation1 = X=0.322 Y=0.947 Z=-0.000
			Orientation2 = X=0.000 Y=0.000 Z=1.000
			Center = X=396642.083 Y=548954.357 Z=922.679
			Extents = X=145.007 Y=44.886 Z=100.000
			AreasMask = 1
			Active = false
		struct.end
		[17] : struct.begin
			GUID = CK33XMKA1KLK2RVUHA7OEOHRY
			Orientation0 = X=0.485 Y=0.875 Z=0.000
			Orientation1 = X=-0.875 Y=0.485 Z=0.000
			Orientation2 = X=-0.000 Y=0.000 Z=1.000
			Center = X=318364.307 Y=412125.673 Z=189.880
			Extents = X=100.000 Y=100.000 Z=80.971
			AreasMask = 1
			Active = false
		struct.end
		[18] : struct.begin
			GUID = A0I2P1VWQ0O5Y81MDQUT1H4HA
			Orientation0 = X=1.000 Y=0.000 Z=0.000
			Orientation1 = X=0.000 Y=1.000 Z=0.000
			Orientation2 = X=0.000 Y=0.000 Z=1.000
			Center = X=104366.291 Y=472757.398 Z=232.477
			Extents = X=100.000 Y=100.000 Z=100.000
			AreasMask = 1
			Active = false
		struct.end
		[19] : struct.begin
			GUID = 5A2K51YOA34UTQGQU9F2A138G
			Orientation0 = X=-0.766 Y=-0.643 Z=0.000
			Orientation1 = X=0.643 Y=-0.766 Z=-0.000
			Orientation2 = X=0.000 Y=0.000 Z=1.000
			Center = X=312724.220 Y=518168.049 Z=835.503
			Extents = X=125.996 Y=250.012 Z=100.000
			AreasMask = 1
			Active = false
		struct.end
		[20] : struct.begin
			GUID = CG4KTHLNC8MKSW6SI79XGQKZU
			Orientation0 = X=-0.629 Y=0.777 Z=0.000
			Orientation1 = X=-0.777 Y=-0.629 Z=0.000
			Orientation2 = X=-0.000 Y=0.000 Z=1.000
			Center = X=317710.492 Y=413947.433 Z=320.746
			Extents = X=162.593 Y=117.286 Z=100.000
			AreasMask = 1
			Active = false
		struct.end
		[21] : struct.begin
			GUID = A19E3NIJEYAP4ZMMEYDHS5GAT
			Orientation0 = X=-0.766 Y=-0.643 Z=0.000
			Orientation1 = X=0.643 Y=-0.766 Z=-0.000
			Orientation2 = X=0.000 Y=0.000 Z=1.000
			Center = X=313376.043 Y=517606.297 Z=577.258
			Extents = X=100.000 Y=100.000 Z=100.000
			AreasMask = 1
			Active = false
		struct.end
		[22] : struct.begin
			GUID = 1X8GKUQ64AIPU783WHU9DU14Q
			Orientation0 = X=1.000 Y=0.000 Z=0.000
			Orientation1 = X=0.000 Y=1.000 Z=0.000
			Orientation2 = X=0.000 Y=0.000 Z=1.000
			Center = X=450981.486 Y=654065.399 Z=-2382.786
			Extents = X=37.997 Y=100.000 Z=56.852
			AreasMask = 1
			Active = false
		struct.end
		[23] : struct.begin
			GUID = EPPTLSZRXZXR8O9XNK9F67DZ3
			Orientation0 = X=0.914 Y=0.407 Z=0.000
			Orientation1 = X=-0.407 Y=0.914 Z=0.000
			Orientation2 = X=-0.000 Y=0.000 Z=1.000
			Center = X=492291.095 Y=372383.899 Z=905.656
			Extents = X=100.000 Y=62.500 Z=100.000
			AreasMask = 1
			Active = false
		struct.end
		[24] : struct.begin
			GUID = 4IL4WQK1PK68ROCZU951RBE4O
			Orientation0 = X=-0.766 Y=0.643 Z=0.000
			Orientation1 = X=-0.643 Y=-0.766 Z=0.000
			Orientation2 = X=-0.000 Y=0.000 Z=1.000
			Center = X=318045.976 Y=409178.740 Z=420.383
			Extents = X=323.484 Y=117.769 Z=80.971
			AreasMask = 1
			Active = false
		struct.end
		[25] : struct.begin
			GUID = 4BEB4JEMHQ2ZYCCIIKF4GU0TI
			Orientation0 = X=0.982 Y=-0.191 Z=0.000
			Orientation1 = X=0.191 Y=0.982 Z=-0.000
			Orientation2 = X=0.000 Y=0.000 Z=1.000
			Center = X=320184.496 Y=409751.460 Z=268.014
			Extents = X=201.621 Y=110.923 Z=100.000
			AreasMask = 1
			Active = false
		struct.end
		[26] : struct.begin
			GUID = 2FJNTQXL2JQSVHN2JUC470QWO
			Orientation0 = X=-0.087 Y=-0.996 Z=0.000
			Orientation1 = X=0.996 Y=-0.087 Z=-0.000
			Orientation2 = X=0.000 Y=0.000 Z=1.000
			Center = X=217467.484 Y=269544.453 Z=904.743
			Extents = X=179.320 Y=134.283 Z=50.802
			AreasMask = 1
			Active = false
		struct.end
		[27] : struct.begin
			GUID = DW0VT1FBN1K4SBEAO49JK6GKX
			Orientation0 = X=0.984 Y=-0.176 Z=0.000
			Orientation1 = X=0.176 Y=0.984 Z=-0.000
			Orientation2 = X=0.000 Y=0.000 Z=1.000
			Center = X=413961.184 Y=199235.391 Z=-695.043
			Extents = X=1007.200 Y=512.252 Z=100.000
			AreasMask = 1
			Active = false
		struct.end
		[28] : struct.begin
			GUID = 1Q9U7GWW2BLCKT4WV6581LA23
			Orientation0 = X=0.906 Y=-0.423 Z=0.000
			Orientation1 = X=0.423 Y=0.906 Z=-0.000
			Orientation2 = X=0.000 Y=0.000 Z=1.000
			Center = X=401359.309 Y=553339.671 Z=688.090
			Extents = X=182.975 Y=73.083 Z=100.000
			AreasMask = 1
			Active = false
		struct.end
		[29] : struct.begin
			GUID = AZPWW1HZLZBG7HAQT3L6ZTDI8
			Orientation0 = X=-1.000 Y=-0.000 Z=0.000
			Orientation1 = X=0.000 Y=-1.000 Z=-0.000
			Orientation2 = X=0.000 Y=0.000 Z=1.000
			Center = X=299793.364 Y=515761.682 Z=458.471
			Extents = X=175.000 Y=194.100 Z=50.000
			AreasMask = 1
			Active = false
		struct.end
		[30] : struct.begin
			GUID = BLYYRRXH2EIEFMRW5U89K02ZI
			Orientation0 = X=0.485 Y=0.875 Z=0.000
			Orientation1 = X=-0.875 Y=0.485 Z=0.000
			Orientation2 = X=-0.000 Y=0.000 Z=1.000
			Center = X=319574.197 Y=414238.108 Z=327.953
			Extents = X=50.000 Y=50.000 Z=80.971
			AreasMask = 1
			Active = false
		struct.end
		[31] : struct.begin
			GUID = 73KCTRKROCIWMKLHSJDTPSYOT
			Orientation0 = X=0.986 Y=-0.167 Z=0.000
			Orientation1 = X=0.167 Y=0.986 Z=-0.000
			Orientation2 = X=0.000 Y=0.000 Z=1.000
			Center = X=415713.135 Y=196934.921 Z=-1990.645
			Extents = X=428.594 Y=611.685 Z=89.866
			AreasMask = 1
			Active = false
		struct.end
		[32] : struct.begin
			GUID = 8PSO9E9BQ8VP1QTAYA6270BKO
			Orientation0 = X=0.145 Y=-0.989 Z=0.000
			Orientation1 = X=0.989 Y=0.145 Z=-0.000
			Orientation2 = X=0.000 Y=0.000 Z=1.000
			Center = X=239448.313 Y=155482.935 Z=1121.996
			Extents = X=79.182 Y=262.478 Z=62.724
			AreasMask = 1
			Active = false
		struct.end
		[33] : struct.begin
			GUID = 2C9KTJMBIH3QIS05R29W3CW2B
			Orientation0 = X=-0.176 Y=-0.984 Z=0.000
			Orientation1 = X=0.984 Y=-0.176 Z=-0.000
			Orientation2 = X=0.000 Y=0.000 Z=1.000
			Center = X=416161.197 Y=196299.151 Z=-864.303
			Extents = X=930.788 Y=174.809 Z=151.878
			AreasMask = 1
			Active = false
		struct.end
		[34] : struct.begin
			GUID = 140O8UROF2B4D458XK8PUHRGW
			Orientation0 = X=0.891 Y=-0.454 Z=0.000
			Orientation1 = X=0.454 Y=0.891 Z=-0.000
			Orientation2 = X=0.000 Y=0.000 Z=1.000
			Center = X=324591.892 Y=415922.242 Z=413.044
			Extents = X=72.522 Y=66.869 Z=100.000
			AreasMask = 1
			Active = false
		struct.end
		[35] : struct.begin
			GUID = 2TSHNY25B0FBO05OQHU82LNVQ
			Orientation0 = X=-0.959 Y=-0.285 Z=0.000
			Orientation1 = X=0.285 Y=-0.959 Z=-0.000
			Orientation2 = X=0.000 Y=0.000 Z=1.000
			Center = X=397740.377 Y=547264.456 Z=947.918
			Extents = X=53.393 Y=44.886 Z=100.000
			AreasMask = 1
			Active = false
		struct.end
		[36] : struct.begin
			GUID = 8HCBIF5OUHQ37ZS11M8JTDY77
			Orientation0 = X=0.080 Y=0.997 Z=0.000
			Orientation1 = X=-0.997 Y=0.080 Z=0.000
			Orientation2 = X=-0.000 Y=0.000 Z=1.000
			Center = X=238597.803 Y=141720.487 Z=-3848.802
			Extents = X=180.304 Y=45.230 Z=100.000
			AreasMask = 1
			Active = false
		struct.end
		[37] : struct.begin
			GUID = 6P997F4ZLVMJ7WMCK84B0Z1NV
			Orientation0 = X=0.966 Y=-0.259 Z=0.000
			Orientation1 = X=0.259 Y=0.966 Z=-0.000
			Orientation2 = X=0.000 Y=0.000 Z=1.000
			Center = X=400412.190 Y=496773.709 Z=722.000
			Extents = X=44.354 Y=41.600 Z=23.297
			AreasMask = 1
			Active = false
		struct.end
		[38] : struct.begin
			GUID = 9NOIV200NAO0GX5KVHJYX4NXB
			Orientation0 = X=-0.716 Y=-0.698 Z=0.000
			Orientation1 = X=0.698 Y=-0.716 Z=-0.000
			Orientation2 = X=0.000 Y=0.000 Z=1.000
			Center = X=411861.441 Y=194093.058 Z=-2051.266
			Extents = X=130.036 Y=197.511 Z=78.081
			AreasMask = 1
			Active = false
		struct.end
		[39] : struct.begin
			GUID = 295V19CDIZIDU12EB6NAWI02O
			Orientation0 = X=1.000 Y=0.000 Z=0.000
			Orientation1 = X=0.000 Y=1.000 Z=0.000
			Orientation2 = X=0.000 Y=0.000 Z=1.000
			Center = X=431320.000 Y=555980.000 Z=100.000
			Extents = X=4626.433 Y=4400.000 Z=3700.729
			AreasMask = 256
			Active = true
		struct.end
		[40] : struct.begin
			GUID = AVKSWHG0GLI99P6HYPUHWF8ES
			Orientation0 = X=-0.454 Y=0.891 Z=0.000
			Orientation1 = X=-0.891 Y=-0.454 Z=0.000
			Orientation2 = X=-0.000 Y=0.000 Z=1.000
			Center = X=490929.651 Y=377448.596 Z=907.914
			Extents = X=37.500 Y=37.500 Z=100.000
			AreasMask = 1
			Active = false
		struct.end
		[41] : struct.begin
			GUID = 4EL4XJ956THR6VCX6QF9NEBU1
			Orientation0 = X=0.423 Y=-0.906 Z=0.000
			Orientation1 = X=0.906 Y=0.423 Z=-0.000
			Orientation2 = X=0.000 Y=0.000 Z=1.000
			Center = X=494233.804 Y=380977.334 Z=1042.448
			Extents = X=600.000 Y=125.000 Z=100.000
			AreasMask = 1
			Active = false
		struct.end
		[42] : struct.begin
			GUID = 3MFO4PAAVIOWPQ8ZS9D2GOSBA
			Orientation0 = X=1.000 Y=0.000 Z=0.000
			Orientation1 = X=0.000 Y=1.000 Z=0.000
			Orientation2 = X=0.000 Y=0.000 Z=1.000
			Center = X=483921.778 Y=517965.146 Z=427.322
			Extents = X=367.396 Y=218.998 Z=44.981
			AreasMask = 1
			Active = false
		struct.end
		[43] : struct.begin
			GUID = 8XZFIRNZJ0VVNQHWCO63TZLTU
			Orientation0 = X=1.000 Y=0.000 Z=0.000
			Orientation1 = X=0.000 Y=1.000 Z=0.000
			Orientation2 = X=0.000 Y=0.000 Z=1.000
			Center = X=198605.000 Y=511315.000 Z=410.000
			Extents = X=1925.000 Y=1925.000 Z=125.000
			AreasMask = 1
			Active = false
		struct.end
		[44] : struct.begin
			GUID = 58SVY58SX4GHZERXENTILCIBD
			Orientation0 = X=0.905 Y=-0.425 Z=0.000
			Orientation1 = X=0.425 Y=0.905 Z=-0.000
			Orientation2 = X=0.000 Y=0.000 Z=1.000
			Center = X=211395.346 Y=271764.510 Z=1053.256
			Extents = X=360.705 Y=60.159 Z=117.128
			AreasMask = 1
			Active = false
		struct.end
		[45] : struct.begin
			GUID = 5UXN43B5XKWO3A2V4075MX37M
			Orientation0 = X=-0.731 Y=0.682 Z=0.000
			Orientation1 = X=-0.682 Y=-0.731 Z=0.000
			Orientation2 = X=-0.000 Y=0.000 Z=1.000
			Center = X=318196.912 Y=413728.976 Z=277.714
			Extents = X=50.000 Y=50.000 Z=75.000
			AreasMask = 1
			Active = false
		struct.end
		[46] : struct.begin
			GUID = 98N2920PECTIO9SQK5J4AUBTZ
			Orientation0 = X=0.961 Y=0.276 Z=0.000
			Orientation1 = X=-0.276 Y=0.961 Z=0.000
			Orientation2 = X=-0.000 Y=0.000 Z=1.000
			Center = X=325483.259 Y=418390.438 Z=328.335
			Extents = X=100.000 Y=100.000 Z=100.000
			AreasMask = 1
			Active = false
		struct.end
		[47] : struct.begin
			GUID = 7JUPL8OIED76S540NUTCYSS5G
			Orientation0 = X=0.259 Y=-0.966 Z=0.000
			Orientation1 = X=0.966 Y=0.259 Z=-0.000
			Orientation2 = X=0.000 Y=0.000 Z=1.000
			Center = X=217951.279 Y=274437.070 Z=974.894
			Extents = X=171.965 Y=60.159 Z=50.802
			AreasMask = 1
			Active = false
		struct.end
		[48] : struct.begin
			GUID = 8F5FYOX3CTY5WSU6O434MJH2W
			Orientation0 = X=0.986 Y=-0.167 Z=0.000
			Orientation1 = X=0.167 Y=0.986 Z=-0.000
			Orientation2 = X=0.000 Y=0.000 Z=1.000
			Center = X=416667.501 Y=196305.047 Z=-1156.327
			Extents = X=213.857 Y=992.916 Z=293.243
			AreasMask = 1
			Active = false
		struct.end
		[49] : struct.begin
			GUID = B6JNO5U82QU9VW4ZKA2WMVTQT
			Orientation0 = X=-0.999 Y=0.035 Z=0.000
			Orientation1 = X=-0.035 Y=-0.999 Z=0.000
			Orientation2 = X=-0.000 Y=0.000 Z=1.000
			Center = X=306326.838 Y=518802.726 Z=341.123
			Extents = X=100.000 Y=100.000 Z=100.000
			AreasMask = 1
			Active = false
		struct.end
		[50] : struct.begin
			GUID = 3J8MPL3UZM0SRAVBUZV9DJ8R2
			Orientation0 = X=0.574 Y=0.819 Z=0.000
			Orientation1 = X=-0.819 Y=0.574 Z=0.000
			Orientation2 = X=-0.000 Y=0.000 Z=1.000
			Center = X=315385.717 Y=409552.044 Z=308.484
			Extents = X=48.923 Y=59.328 Z=100.000
			AreasMask = 1
			Active = false
		struct.end
		[51] : struct.begin
			GUID = EZTXR4ME4EWRXAM7LTXJVCSF5
			Orientation0 = X=0.574 Y=0.819 Z=0.000
			Orientation1 = X=-0.819 Y=0.574 Z=0.000
			Orientation2 = X=-0.000 Y=0.000 Z=1.000
			Center = X=234284.819 Y=138155.707 Z=377.567
			Extents = X=527.451 Y=126.988 Z=100.000
			AreasMask = 1
			Active = false
		struct.end
		[52] : struct.begin
			GUID = EU1LJ06L7NEDLFGMC8WQQCOZH
			Orientation0 = X=0.342 Y=-0.940 Z=0.000
			Orientation1 = X=0.940 Y=0.342 Z=-0.000
			Orientation2 = X=0.000 Y=0.000 Z=1.000
			Center = X=492505.601 Y=373331.361 Z=2123.178
			Extents = X=50.000 Y=50.000 Z=100.000
			AreasMask = 1
			Active = false
		struct.end
		[53] : struct.begin
			GUID = 7IWYYGLMJ47ZJRJ62RK5Q9Y12
			Orientation0 = X=0.985 Y=-0.174 Z=0.000
			Orientation1 = X=0.174 Y=0.985 Z=-0.000
			Orientation2 = X=0.000 Y=0.000 Z=1.000
			Center = X=400442.368 Y=495631.759 Z=641.000
			Extents = X=80.551 Y=40.479 Z=48.484
			AreasMask = 1
			Active = false
		struct.end
		[54] : struct.begin
			GUID = 6029VW3T3FVFE1AKYFBK00ALU
			Orientation0 = X=-0.349 Y=0.937 Z=0.000
			Orientation1 = X=-0.937 Y=-0.349 Z=0.000
			Orientation2 = X=-0.000 Y=0.000 Z=1.000
			Center = X=236975.040 Y=141886.732 Z=-3462.769
			Extents = X=180.304 Y=100.000 Z=100.000
			AreasMask = 1
			Active = false
		struct.end
		[55] : struct.begin
			GUID = AUVZ3Y0ZR1ZGKXT9LSOLS6LJF
			Orientation0 = X=1.000 Y=-0.017 Z=0.000
			Orientation1 = X=0.017 Y=1.000 Z=-0.000
			Orientation2 = X=0.000 Y=0.000 Z=1.000
			Center = X=301883.037 Y=519138.830 Z=483.479
			Extents = X=256.645 Y=100.000 Z=100.000
			AreasMask = 1
			Active = false
		struct.end
		[56] : struct.begin
			GUID = 7AARXI36REMZKQ6P1E7LPYAOZ
			Orientation0 = X=1.000 Y=0.000 Z=0.000
			Orientation1 = X=0.000 Y=1.000 Z=0.000
			Orientation2 = X=0.000 Y=0.000 Z=1.000
			Center = X=106412.082 Y=472268.503 Z=474.407
			Extents = X=100.000 Y=175.000 Z=100.000
			AreasMask = 1
			Active = false
		struct.end
		[57] : struct.begin
			GUID = 1ZI5CBYQLQKWLA9O52IN4PZ71
			Orientation0 = X=1.000 Y=0.000 Z=0.000
			Orientation1 = X=0.000 Y=1.000 Z=0.000
			Orientation2 = X=0.000 Y=0.000 Z=1.000
			Center = X=487278.161 Y=519178.004 Z=775.636
			Extents = X=85.043 Y=212.834 Z=53.595
			AreasMask = 1
			Active = false
		struct.end
		[58] : struct.begin
			GUID = 7CWPBV0ZXZ03CJ5MITCATY693
			Orientation0 = X=-0.848 Y=-0.530 Z=0.000
			Orientation1 = X=0.530 Y=-0.848 Z=-0.000
			Orientation2 = X=0.000 Y=0.000 Z=1.000
			Center = X=500651.381 Y=373069.429 Z=529.122
			Extents = X=37.500 Y=37.500 Z=100.000
			AreasMask = 1
			Active = false
		struct.end
		[59] : struct.begin
			GUID = ADS8660KAQ32NH43S16ZJ5CM4
			Orientation0 = X=0.996 Y=-0.087 Z=0.000
			Orientation1 = X=0.087 Y=0.996 Z=-0.000
			Orientation2 = X=0.000 Y=0.000 Z=1.000
			Center = X=216679.846 Y=270994.335 Z=1021.895
			Extents = X=113.509 Y=52.502 Z=50.802
			AreasMask = 1
			Active = false
		struct.end
		[60] : struct.begin
			GUID = A17O6BMA8QMI5RI1WGWWTL6TC
			Orientation0 = X=1.000 Y=-0.017 Z=0.000
			Orientation1 = X=0.017 Y=1.000 Z=-0.000
			Orientation2 = X=0.000 Y=0.000 Z=1.000
			Center = X=302918.652 Y=519227.216 Z=483.479
			Extents = X=256.645 Y=100.000 Z=100.000
			AreasMask = 1
			Active = false
		struct.end
		[61] : struct.begin
			GUID = 2ECFYCV5UR1JNDHY8QG80WQ4T
			Orientation0 = X=0.986 Y=0.169 Z=0.000
			Orientation1 = X=-0.169 Y=0.986 Z=0.000
			Orientation2 = X=-0.000 Y=0.000 Z=1.000
			Center = X=643881.547 Y=647349.395 Z=931.186
			Extents = X=115.530 Y=206.595 Z=106.457
			AreasMask = 1
			Active = false
		struct.end
		[62] : struct.begin
			GUID = AUM58IHY3OSNDB0BA1L8U6BIR
			Orientation0 = X=0.266 Y=-0.964 Z=0.000
			Orientation1 = X=0.964 Y=0.266 Z=-0.000
			Orientation2 = X=0.000 Y=0.000 Z=1.000
			Center = X=406322.752 Y=553735.318 Z=740.424
			Extents = X=79.313 Y=67.658 Z=100.000
			AreasMask = 1
			Active = false
		struct.end
		[63] : struct.begin
			GUID = 2J61P95YW4W6S7VNO0BB85NR1
			Orientation0 = X=0.066 Y=-0.998 Z=0.000
			Orientation1 = X=0.998 Y=0.066 Z=-0.000
			Orientation2 = X=0.000 Y=0.000 Z=1.000
			Center = X=404586.013 Y=547792.196 Z=557.541
			Extents = X=115.869 Y=102.171 Z=126.072
			AreasMask = 1
			Active = false
		struct.end
		[64] : struct.begin
			GUID = EX45ANTCVCXN4GXO38NIKRLVC
			Orientation0 = X=1.000 Y=0.000 Z=0.000
			Orientation1 = X=0.000 Y=1.000 Z=0.000
			Orientation2 = X=0.000 Y=0.000 Z=1.000
			Center = X=483415.112 Y=517965.596 Z=327.731
			Extents = X=161.544 Y=303.824 Z=100.000
			AreasMask = 1
			Active = false
		struct.end
		[65] : struct.begin
			GUID = 9X893S3GHG6XMUWE3P9KZP232
			Orientation0 = X=0.996 Y=-0.087 Z=0.000
			Orientation1 = X=0.087 Y=0.996 Z=-0.000
			Orientation2 = X=0.000 Y=0.000 Z=1.000
			Center = X=220832.851 Y=270457.989 Z=961.558
			Extents = X=154.398 Y=60.159 Z=50.802
			AreasMask = 1
			Active = false
		struct.end
		[66] : struct.begin
			GUID = 39M4O1P56R1RRQBV4D5SYCWLY
			Orientation0 = X=0.883 Y=-0.469 Z=0.000
			Orientation1 = X=0.469 Y=0.883 Z=-0.000
			Orientation2 = X=0.000 Y=0.000 Z=1.000
			Center = X=325143.540 Y=416024.452 Z=356.164
			Extents = X=100.000 Y=100.000 Z=100.000
			AreasMask = 1
			Active = false
		struct.end
		[67] : struct.begin
			GUID = BC3FQQS867SG7C2PT3SWNCZL6
			Orientation0 = X=0.996 Y=-0.087 Z=0.000
			Orientation1 = X=0.087 Y=0.996 Z=-0.000
			Orientation2 = X=0.000 Y=0.000 Z=1.000
			Center = X=215100.855 Y=271060.500 Z=924.879
			Extents = X=41.948 Y=56.868 Z=69.890
			AreasMask = 1
			Active = false
		struct.end
		[68] : struct.begin
			GUID = 7PZDJP8H7E3U3U4COSR56VUOS
			Orientation0 = X=0.087 Y=0.996 Z=0.000
			Orientation1 = X=-0.996 Y=0.087 Z=0.000
			Orientation2 = X=-0.000 Y=0.000 Z=1.000
			Center = X=215479.936 Y=268968.610 Z=384.343
			Extents = X=132.065 Y=182.466 Z=50.802
			AreasMask = 1
			Active = false
		struct.end
		[69] : struct.begin
			GUID = 9BPOHT0NZGH05HSTK75VB9IIP
			Orientation0 = X=-0.766 Y=0.643 Z=0.000
			Orientation1 = X=-0.643 Y=-0.766 Z=0.000
			Orientation2 = X=-0.000 Y=0.000 Z=1.000
			Center = X=316718.372 Y=408821.331 Z=369.080
			Extents = X=100.000 Y=100.000 Z=80.971
			AreasMask = 1
			Active = false
		struct.end
		[70] : struct.begin
			GUID = EEO7IX7W2XAJ9I1B3EWQKL4Q0
			Orientation0 = X=-0.940 Y=-0.342 Z=0.000
			Orientation1 = X=0.342 Y=-0.940 Z=-0.000
			Orientation2 = X=0.000 Y=0.000 Z=1.000
			Center = X=299297.491 Y=517334.735 Z=456.187
			Extents = X=256.645 Y=100.000 Z=100.000
			AreasMask = 1
			Active = false
		struct.end
		[71] : struct.begin
			GUID = 26NMMM9JN3OXDZDL20PVBSENS
			Orientation0 = X=-0.857 Y=0.515 Z=0.000
			Orientation1 = X=-0.515 Y=-0.857 Z=0.000
			Orientation2 = X=-0.000 Y=0.000 Z=1.000
			Center = X=319749.160 Y=416791.937 Z=513.764
			Extents = X=201.617 Y=100.000 Z=100.000
			AreasMask = 1
			Active = false
		struct.end
		[72] : struct.begin
			GUID = 6KYZ1W1GM5BPISPPEZJSU5L2Z
			Orientation0 = X=0.637 Y=0.771 Z=0.000
			Orientation1 = X=-0.771 Y=0.637 Z=0.000
			Orientation2 = X=-0.000 Y=0.000 Z=1.000
			Center = X=238713.400 Y=143590.981 Z=-3767.154
			Extents = X=505.063 Y=45.230 Z=100.000
			AreasMask = 1
			Active = false
		struct.end
		[73] : struct.begin
			GUID = 5E92OISDSFDD9R2XYX1IO4NP3
			Orientation0 = X=0.996 Y=0.087 Z=0.000
			Orientation1 = X=-0.087 Y=0.996 Z=0.000
			Orientation2 = X=-0.000 Y=0.000 Z=1.000
			Center = X=608108.084 Y=601323.479 Z=3145.908
			Extents = X=376.670 Y=606.478 Z=49.192
			AreasMask = 1
			Active = false
		struct.end
		[74] : struct.begin
			GUID = 893ADX405V8ENV6441JTBMFT2
			Orientation0 = X=0.996 Y=-0.087 Z=0.000
			Orientation1 = X=0.087 Y=0.996 Z=-0.000
			Orientation2 = X=0.000 Y=0.000 Z=1.000
			Center = X=215481.375 Y=269928.384 Z=415.092
			Extents = X=186.313 Y=371.208 Z=50.802
			AreasMask = 1
			Active = false
		struct.end
		[75] : struct.begin
			GUID = 5CSJV2RLFCIHDQXOKK6J2CBPR
			Orientation0 = X=0.702 Y=0.712 Z=0.000
			Orientation1 = X=-0.712 Y=0.702 Z=0.000
			Orientation2 = X=-0.000 Y=0.000 Z=1.000
			Center = X=236271.513 Y=143136.038 Z=-3744.797
			Extents = X=136.487 Y=45.230 Z=100.000
			AreasMask = 1
			Active = false
		struct.end
		[76] : struct.begin
			GUID = 6XYH9Q9GLR7FWHGT5WIICR6RV
			Orientation0 = X=1.000 Y=0.000 Z=0.000
			Orientation1 = X=0.000 Y=1.000 Z=0.000
			Orientation2 = X=0.000 Y=0.000 Z=1.000
			Center = X=106396.858 Y=472729.956 Z=378.753
			Extents = X=100.000 Y=175.000 Z=100.000
			AreasMask = 1
			Active = false
		struct.end
		[77] : struct.begin
			GUID = 9ZEAV02LXAB8OF2JXLX68LSBP
			Orientation0 = X=0.423 Y=0.906 Z=0.000
			Orientation1 = X=-0.906 Y=0.423 Z=0.000
			Orientation2 = X=-0.000 Y=0.000 Z=1.000
			Center = X=330224.844 Y=416385.652 Z=375.150
			Extents = X=72.828 Y=69.745 Z=100.000
			AreasMask = 1
			Active = false
		struct.end
		[78] : struct.begin
			GUID = 05C0RTH3XLWEA3L627AEH8Y6E
			Orientation0 = X=0.156 Y=0.988 Z=0.000
			Orientation1 = X=-0.988 Y=0.156 Z=0.000
			Orientation2 = X=-0.000 Y=0.000 Z=1.000
			Center = X=214462.003 Y=272979.021 Z=1034.552
			Extents = X=360.330 Y=41.870 Z=73.564
			AreasMask = 1
			Active = false
		struct.end
		[79] : struct.begin
			GUID = 1HLEQG5MRF2C5T900DICI8NJJ
			Orientation0 = X=0.272 Y=-0.962 Z=0.000
			Orientation1 = X=0.962 Y=0.272 Z=-0.000
			Orientation2 = X=0.000 Y=0.000 Z=1.000
			Center = X=396014.930 Y=546229.983 Z=870.178
			Extents = X=236.602 Y=55.349 Z=100.000
			AreasMask = 1
			Active = false
		struct.end
		[80] : struct.begin
			GUID = B5XQHU2LCLHCNPMJLBXHUGGVS
			Orientation0 = X=0.995 Y=0.101 Z=0.000
			Orientation1 = X=-0.101 Y=0.995 Z=0.000
			Orientation2 = X=-0.000 Y=0.000 Z=1.000
			Center = X=608532.107 Y=599336.949 Z=2891.643
			Extents = X=99.178 Y=184.962 Z=188.746
			AreasMask = 1
			Active = false
		struct.end
		[81] : struct.begin
			GUID = 55YRGQ2RS7EIYP72HBHGLBL2T
			Orientation0 = X=0.028 Y=1.000 Z=0.000
			Orientation1 = X=-1.000 Y=0.028 Z=0.000
			Orientation2 = X=-0.000 Y=0.000 Z=1.000
			Center = X=486093.991 Y=517664.451 Z=844.652
			Extents = X=36.371 Y=50.832 Z=36.018
			AreasMask = 1
			Active = false
		struct.end
		[82] : struct.begin
			GUID = CESIBPB1ILN9Q1EMYDNOI4T0Z
			Orientation0 = X=-0.743 Y=0.669 Z=0.000
			Orientation1 = X=-0.669 Y=-0.743 Z=0.000
			Orientation2 = X=-0.000 Y=0.000 Z=1.000
			Center = X=493348.441 Y=375641.597 Z=1017.936
			Extents = X=75.000 Y=200.000 Z=100.000
			AreasMask = 1
			Active = false
		struct.end
		[83] : struct.begin
			GUID = 3TJQTQE43JV4UBYQOGZZJBTLX
			Orientation0 = X=0.992 Y=-0.125 Z=0.000
			Orientation1 = X=0.125 Y=0.992 Z=-0.000
			Orientation2 = X=0.000 Y=0.000 Z=1.000
			Center = X=449262.876 Y=656257.828 Z=-2439.411
			Extents = X=182.082 Y=66.534 Z=142.285
			AreasMask = 1
			Active = false
		struct.end
		[84] : struct.begin
			GUID = AWLCQ7Y3KD33RQ8HB8K6JBPG2
			Orientation0 = X=0.089 Y=-0.996 Z=0.000
			Orientation1 = X=0.996 Y=0.089 Z=-0.000
			Orientation2 = X=0.000 Y=0.000 Z=1.000
			Center = X=606826.956 Y=600586.398 Z=3139.349
			Extents = X=385.817 Y=242.209 Z=46.749
			AreasMask = 1
			Active = false
		struct.end
		[85] : struct.begin
			GUID = 1VUC0OVVAGNDX1GKDAD3PYLKT
			Orientation0 = X=0.996 Y=-0.087 Z=0.000
			Orientation1 = X=0.087 Y=0.996 Z=-0.000
			Orientation2 = X=0.000 Y=0.000 Z=1.000
			Center = X=216628.848 Y=270357.320 Z=1021.895
			Extents = X=113.509 Y=52.502 Z=50.802
			AreasMask = 1
			Active = false
		struct.end
		[86] : struct.begin
			GUID = 9FW9070YP7QHQFJJ18CRK1PG0
			Orientation0 = X=-0.906 Y=-0.423 Z=0.000
			Orientation1 = X=0.423 Y=-0.906 Z=-0.000
			Orientation2 = X=0.000 Y=0.000 Z=1.000
			Center = X=491378.154 Y=382232.732 Z=916.613
			Extents = X=100.000 Y=100.000 Z=100.000
			AreasMask = 1
			Active = false
		struct.end
		[87] : struct.begin
			GUID = D6BT62T0YZ9AVT6YL0OIR9J65
			Orientation0 = X=0.579 Y=0.815 Z=0.000
			Orientation1 = X=-0.815 Y=0.579 Z=0.000
			Orientation2 = X=-0.000 Y=0.000 Z=1.000
			Center = X=640977.172 Y=652116.110 Z=928.566
			Extents = X=115.530 Y=402.867 Z=106.457
			AreasMask = 1
			Active = false
		struct.end
		[88] : struct.begin
			GUID = 82JTJWMC40LH59WXTF37RMJ9M
			Orientation0 = X=-0.712 Y=0.702 Z=0.000
			Orientation1 = X=-0.702 Y=-0.712 Z=0.000
			Orientation2 = X=-0.000 Y=0.000 Z=1.000
			Center = X=235907.956 Y=143629.861 Z=-3800.598
			Extents = X=208.298 Y=45.230 Z=100.000
			AreasMask = 1
			Active = false
		struct.end
		[89] : struct.begin
			GUID = 717OJGIC7AQDKMTT6MYO2D24Z
			Orientation0 = X=0.587 Y=0.809 Z=0.000
			Orientation1 = X=-0.809 Y=0.587 Z=0.000
			Orientation2 = X=-0.000 Y=0.000 Z=1.000
			Center = X=486196.239 Y=521804.989 Z=910.167
			Extents = X=55.844 Y=92.157 Z=112.762
			AreasMask = 1
			Active = false
		struct.end
		[90] : struct.begin
			GUID = 8KRDCDAH8NQIDXYYSSYU06JRB
			Orientation0 = X=0.866 Y=-0.500 Z=0.000
			Orientation1 = X=0.500 Y=0.866 Z=-0.000
			Orientation2 = X=0.000 Y=0.000 Z=1.000
			Center = X=319625.629 Y=411330.158 Z=348.689
			Extents = X=133.234 Y=107.444 Z=100.000
			AreasMask = 1
			Active = false
		struct.end
		[91] : struct.begin
			GUID = 7UASRVAQ1GEGW0DB6E93AIVFL
			Orientation0 = X=0.996 Y=-0.087 Z=0.000
			Orientation1 = X=0.087 Y=0.996 Z=-0.000
			Orientation2 = X=0.000 Y=0.000 Z=1.000
			Center = X=215803.332 Y=270473.958 Z=1021.895
			Extents = X=96.227 Y=52.502 Z=50.802
			AreasMask = 1
			Active = false
		struct.end
		[92] : struct.begin
			GUID = 736IWQX0FG5AFBKWQ97V9BU2B
			Orientation0 = X=0.883 Y=-0.469 Z=0.000
			Orientation1 = X=0.469 Y=0.883 Z=-0.000
			Orientation2 = X=0.000 Y=0.000 Z=1.000
			Center = X=327643.826 Y=412802.960 Z=320.784
			Extents = X=127.004 Y=243.888 Z=100.000
			AreasMask = 1
			Active = false
		struct.end
		[93] : struct.begin
			GUID = EMIY7TLHPPO8E3GBIMRSDW36U
			Orientation0 = X=0.020 Y=-1.000 Z=0.000
			Orientation1 = X=1.000 Y=0.020 Z=-0.000
			Orientation2 = X=0.000 Y=0.000 Z=1.000
			Center = X=405295.294 Y=544361.396 Z=757.884
			Extents = X=67.535 Y=44.886 Z=100.000
			AreasMask = 1
			Active = false
		struct.end
		[94] : struct.begin
			GUID = 04X8L34NEIF38LSP27C4UU509
			Orientation0 = X=-0.848 Y=0.530 Z=0.000
			Orientation1 = X=-0.530 Y=-0.848 Z=0.000
			Orientation2 = X=-0.000 Y=0.000 Z=1.000
			Center = X=318330.734 Y=410515.636 Z=423.577
			Extents = X=166.523 Y=100.000 Z=80.971
			AreasMask = 1
			Active = false
		struct.end
		[95] : struct.begin
			GUID = 4TW9UUZIKBWRJOY1XA8A9GIF0
			Orientation0 = X=-1.000 Y=-0.000 Z=0.000
			Orientation1 = X=0.000 Y=-1.000 Z=-0.000
			Orientation2 = X=0.000 Y=0.000 Z=1.000
			Center = X=310550.115 Y=529585.751 Z=445.120
			Extents = X=175.000 Y=194.100 Z=50.000
			AreasMask = 1
			Active = false
		struct.end
		[96] : struct.begin
			GUID = DZKKD9HJFBP0ASHZQIM6182MZ
			Orientation0 = X=-0.349 Y=0.937 Z=0.000
			Orientation1 = X=-0.937 Y=-0.349 Z=0.000
			Orientation2 = X=-0.000 Y=0.000 Z=1.000
			Center = X=237786.286 Y=142188.750 Z=-3462.769
			Extents = X=180.304 Y=100.000 Z=100.000
			AreasMask = 1
			Active = false
		struct.end
		[97] : struct.begin
			GUID = AYUPNH5EDF9JEBRVJZ898MDUA
			Orientation0 = X=-0.986 Y=0.166 Z=0.000
			Orientation1 = X=-0.166 Y=-0.986 Z=0.000
			Orientation2 = X=-0.000 Y=0.000 Z=1.000
			Center = X=235410.757 Y=142364.503 Z=-3767.127
			Extents = X=480.198 Y=45.230 Z=100.000
			AreasMask = 1
			Active = false
		struct.end
		[98] : struct.begin
			GUID = 7YEVLAIUVCK4248IXWFC4ROIF
			Orientation0 = X=1.000 Y=-0.000 Z=0.000
			Orientation1 = X=0.000 Y=1.000 Z=-0.000
			Orientation2 = X=0.000 Y=0.000 Z=1.000
			Center = X=487221.706 Y=515860.977 Z=294.212
			Extents = X=200.181 Y=94.866 Z=61.026
			AreasMask = 1
			Active = false
		struct.end
		[99] : struct.begin
			GUID = 76QRLMLH464RAJ5IEPST75UYV
			Orientation0 = X=-0.155 Y=-0.988 Z=0.000
			Orientation1 = X=0.988 Y=-0.155 Z=-0.000
			Orientation2 = X=0.000 Y=0.000 Z=1.000
			Center = X=397177.257 Y=552675.915 Z=1240.426
			Extents = X=138.919 Y=123.687 Z=100.000
			AreasMask = 1
			Active = false
		struct.end
		[100] : struct.begin
			GUID = 5QUQ9PYAGALUM80UBSUR9QZPI
			Orientation0 = X=-0.996 Y=-0.094 Z=0.000
			Orientation1 = X=0.094 Y=-0.996 Z=-0.000
			Orientation2 = X=0.000 Y=0.000 Z=1.000
			Center = X=234935.340 Y=141850.987 Z=-3745.083
			Extents = X=209.268 Y=45.230 Z=100.000
			AreasMask = 1
			Active = false
		struct.end
		[101] : struct.begin
			GUID = BIJN1QZAZP29YHMQTHN1QLL5S
			Orientation0 = X=0.839 Y=0.545 Z=0.000
			Orientation1 = X=-0.545 Y=0.839 Z=0.000
			Orientation2 = X=-0.000 Y=0.000 Z=1.000
			Center = X=315137.141 Y=409753.536 Z=348.715
			Extents = X=48.923 Y=59.328 Z=100.000
			AreasMask = 1
			Active = false
		struct.end
		[102] : struct.begin
			GUID = 2Q1IZ0TNCIBGY4BDLA4P4L0JP
			Orientation0 = X=0.669 Y=0.743 Z=0.000
			Orientation1 = X=-0.743 Y=0.669 Z=0.000
			Orientation2 = X=-0.000 Y=0.000 Z=1.000
			Center = X=331242.559 Y=417927.153 Z=564.357
			Extents = X=57.452 Y=70.229 Z=100.000
			AreasMask = 1
			Active = false
		struct.end
		[103] : struct.begin
			GUID = 86IUP13KF87YAGUUY8H031Y8V
			Orientation0 = X=-0.591 Y=-0.807 Z=0.000
			Orientation1 = X=0.807 Y=-0.591 Z=-0.000
			Orientation2 = X=0.000 Y=0.000 Z=1.000
			Center = X=240459.905 Y=155338.600 Z=696.139
			Extents = X=156.598 Y=372.314 Z=279.522
			AreasMask = 1
			Active = false
		struct.end
		[104] : struct.begin
			GUID = 52F6984CJ010S4HNFN9MA4V7K
			Orientation0 = X=0.899 Y=0.438 Z=0.000
			Orientation1 = X=-0.438 Y=0.899 Z=0.000
			Orientation2 = X=-0.000 Y=0.000 Z=1.000
			Center = X=494365.926 Y=376129.101 Z=890.731
			Extents = X=62.500 Y=62.500 Z=100.000
			AreasMask = 1
			Active = false
		struct.end
		[105] : struct.begin
			GUID = CSYY3EC7DIAIZ95RANR0NKQLW
			Orientation0 = X=-0.771 Y=-0.637 Z=0.000
			Orientation1 = X=0.637 Y=-0.771 Z=-0.000
			Orientation2 = X=0.000 Y=0.000 Z=1.000
			Center = X=399058.675 Y=551474.592 Z=873.524
			Extents = X=80.328 Y=197.918 Z=100.000
			AreasMask = 1
			Active = false
		struct.end
		[106] : struct.begin
			GUID = 09AXCNCXJ3JAYQ0Z07W8JCC6X
			Orientation0 = X=0.574 Y=0.819 Z=0.000
			Orientation1 = X=-0.819 Y=0.574 Z=0.000
			Orientation2 = X=-0.000 Y=0.000 Z=1.000
			Center = X=231378.988 Y=139647.872 Z=377.567
			Extents = X=175.936 Y=174.503 Z=100.000
			AreasMask = 1
			Active = false
		struct.end
		[107] : struct.begin
			GUID = 8P89T44A499R0EI31T5X8Y7PU
			Orientation0 = X=0.899 Y=-0.438 Z=0.000
			Orientation1 = X=0.438 Y=0.899 Z=-0.000
			Orientation2 = X=0.000 Y=0.000 Z=1.000
			Center = X=325501.305 Y=408822.600 Z=551.210
			Extents = X=125.782 Y=190.539 Z=100.000
			AreasMask = 1
			Active = false
		struct.end
		[108] : struct.begin
			GUID = 41PQD7FQ0RWQX2EEE1ERXWMH7
			Orientation0 = X=-0.438 Y=0.899 Z=0.000
			Orientation1 = X=-0.899 Y=-0.438 Z=0.000
			Orientation2 = X=-0.000 Y=0.000 Z=1.000
			Center = X=489799.635 Y=375409.205 Z=1064.889
			Extents = X=325.000 Y=100.000 Z=100.000
			AreasMask = 1
			Active = false
		struct.end
		[109] : struct.begin
			GUID = CSCUX5Y1EW88LRRAJZ8GSR3PD
			Orientation0 = X=0.167 Y=0.986 Z=0.000
			Orientation1 = X=-0.986 Y=0.167 Z=0.000
			Orientation2 = X=-0.000 Y=0.000 Z=1.000
			Center = X=411857.551 Y=199721.248 Z=-1600.848
			Extents = X=564.162 Y=881.599 Z=107.977
			AreasMask = 1
			Active = false
		struct.end
		[110] : struct.begin
			GUID = 2TTPUHN3O6TF4AS6JWXLCOMHJ
			Orientation0 = X=0.927 Y=0.375 Z=0.000
			Orientation1 = X=-0.375 Y=0.927 Z=0.000
			Orientation2 = X=-0.000 Y=0.000 Z=1.000
			Center = X=492739.027 Y=379060.781 Z=1120.704
			Extents = X=148.250 Y=87.500 Z=100.000
			AreasMask = 1
			Active = false
		struct.end
		[111] : struct.begin
			GUID = 29UWJSUGMVKO4SZK8HJXQ1U6B
			Orientation0 = X=0.698 Y=-0.716 Z=0.000
			Orientation1 = X=0.716 Y=0.698 Z=-0.000
			Orientation2 = X=0.000 Y=0.000 Z=1.000
			Center = X=210633.159 Y=272347.085 Z=956.003
			Extents = X=121.957 Y=73.280 Z=117.128
			AreasMask = 1
			Active = false
		struct.end
		[112] : struct.begin
			GUID = D7R6GBICEG7WVG3UQ9V19U35D
			Orientation0 = X=-0.986 Y=0.167 Z=0.000
			Orientation1 = X=-0.167 Y=-0.986 Z=0.000
			Orientation2 = X=-0.000 Y=0.000 Z=1.000
			Center = X=410899.255 Y=198967.317 Z=-1606.172
			Extents = X=161.124 Y=308.892 Z=107.977
			AreasMask = 1
			Active = false
		struct.end
		[113] : struct.begin
			GUID = 0KZW9V45K0HLQPACD8U5GOFEK
			Orientation0 = X=0.823 Y=-0.568 Z=0.000
			Orientation1 = X=0.568 Y=0.823 Z=-0.000
			Orientation2 = X=0.000 Y=0.000 Z=1.000
			Center = X=239497.611 Y=155408.482 Z=1121.996
			Extents = X=111.010 Y=199.306 Z=62.724
			AreasMask = 1
			Active = false
		struct.end
		[114] : struct.begin
			GUID = 3DEEKLD5WQJMXZ0TWBWVGEMDK
			Orientation0 = X=1.000 Y=0.000 Z=0.000
			Orientation1 = X=0.000 Y=1.000 Z=0.000
			Orientation2 = X=0.000 Y=0.000 Z=1.000
			Center = X=239431.000 Y=142204.000 Z=-3947.000
			Extents = X=170.000 Y=170.000 Z=1007.805
			AreasMask = 8192
			Active = false
		struct.end
		[115] : struct.begin
			GUID = 6VVEGY4H2Y2FN7VDY2RL7TOI1
			Orientation0 = X=0.961 Y=0.276 Z=0.000
			Orientation1 = X=-0.276 Y=0.961 Z=0.000
			Orientation2 = X=-0.000 Y=0.000 Z=1.000
			Center = X=325479.399 Y=418186.421 Z=328.335
			Extents = X=262.500 Y=100.000 Z=100.000
			AreasMask = 1
			Active = false
		struct.end
		[116] : struct.begin
			GUID = CU66M35YW5JON5V4W5WXF6N91
			Orientation0 = X=0.469 Y=0.883 Z=0.000
			Orientation1 = X=-0.883 Y=0.469 Z=0.000
			Orientation2 = X=-0.000 Y=0.000 Z=1.000
			Center = X=330467.491 Y=417964.242 Z=791.657
			Extents = X=250.902 Y=164.726 Z=100.000
			AreasMask = 1
			Active = false
		struct.end
		[117] : struct.begin
			GUID = CAXXHGTEFX175MJWSE95YGWO7
			Orientation0 = X=0.986 Y=-0.167 Z=0.000
			Orientation1 = X=0.167 Y=0.986 Z=-0.000
			Orientation2 = X=0.000 Y=0.000 Z=1.000
			Center = X=415706.601 Y=196989.069 Z=-1638.453
			Extents = X=452.065 Y=391.060 Z=89.866
			AreasMask = 1
			Active = false
		struct.end
		[118] : struct.begin
			GUID = 0YM45O8X6L7IFTKLRS8F3IY5S
			Orientation0 = X=0.874 Y=0.487 Z=0.000
			Orientation1 = X=-0.487 Y=0.874 Z=0.000
			Orientation2 = X=-0.000 Y=0.000 Z=1.000
			Center = X=643290.751 Y=647464.021 Z=707.603
			Extents = X=80.847 Y=76.628 Z=106.457
			AreasMask = 1
			Active = false
		struct.end
		[119] : struct.begin
			GUID = 0JSSKS2Z9C63JBBH3TLM10OFF
			Orientation0 = X=0.217 Y=-0.976 Z=0.000
			Orientation1 = X=0.976 Y=0.217 Z=-0.000
			Orientation2 = X=0.000 Y=0.000 Z=1.000
			Center = X=408423.977 Y=550429.875 Z=642.582
			Extents = X=53.393 Y=44.886 Z=100.000
			AreasMask = 1
			Active = false
		struct.end
		[120] : struct.begin
			GUID = EZG4QD4BSK3ANO2P8X8HXR1IW
			Orientation0 = X=-0.986 Y=0.166 Z=0.000
			Orientation1 = X=-0.166 Y=-0.986 Z=0.000
			Orientation2 = X=-0.000 Y=0.000 Z=1.000
			Center = X=237650.637 Y=143575.851 Z=-3794.950
			Extents = X=138.809 Y=45.230 Z=100.000
			AreasMask = 1
			Active = false
		struct.end
		[121] : struct.begin
			GUID = 8OY64LJ5F5VDDYYTUMM6JNB9L
			Orientation0 = X=-0.326 Y=-0.946 Z=0.000
			Orientation1 = X=0.946 Y=-0.326 Z=-0.000
			Orientation2 = X=0.000 Y=0.000 Z=1.000
			Center = X=302068.639 Y=523756.474 Z=348.538
			Extents = X=213.354 Y=122.043 Z=100.000
			AreasMask = 1
			Active = false
		struct.end
		[122] : struct.begin
			GUID = 4VFN1LJ0MPUYMFK2W9IIWD0VE
			Orientation0 = X=-0.134 Y=-0.991 Z=0.000
			Orientation1 = X=0.991 Y=-0.134 Z=-0.000
			Orientation2 = X=0.000 Y=0.000 Z=1.000
			Center = X=240251.267 Y=160720.536 Z=492.741
